2016 02 08 07 13 0 111454
2016 02 08 09 13 0 110784
2016 02 08 10 22 0 110708
2016 02 08 11 31 0 110656
2016 02 08 13 02 0 110452
2016 02 08 15 40 0 110554
2016 02 08 17 32 0 110606
2016 02 08 19 56 0 110682
2016 02 08 21 08 0 110722
2016 02 08 22 21 0 110796
2016 02 08 23 35 0 110850
2016 02 09 00 29 0 110964
2016 02 09 02 30 0 111200
2016 02 09 04 24 0 111302
2016 02 09 06 34 0 111352
2016 02 09 08 31 0 111376
2016 02 09 10 06 0 111404
2016 02 09 11 53 0 111478
2016 02 09 13 24 0 111608
2016 02 09 15 40 0 111696
2016 02 09 16 37 0 111724
2016 02 09 17 32 0 111786
2016 02 09 19 53 0 111904
2016 02 09 21 53 0 112058
2016 02 09 23 17 0 112150
2016 02 09 23 50 0 112202
2016 02 10 01 07 0 112304
2016 02 10 02 05 0 112342
2016 02 10 03 41 0 112392
2016 02 10 07 07 0 112432
2016 02 10 08 10 0 112456
2016 02 10 09 33 0 112456
2016 02 10 10 23 0 112470
2016 02 10 11 54 0 112508
2016 02 10 13 26 0 112558
2016 02 10 13 55 0 112572
2016 02 10 17 07 0 112624
2016 02 10 19 20 0 112702
2016 02 10 21 14 0 112752
2016 02 10 23 00 0 112854
2016 02 10 23 50 0 112906
2016 02 11 01 28 0 112994
2016 02 11 03 16 0 113048 
2016 02 11 05 54 0 113062
2016 02 11 07 54 0 113102
2016 02 11 09 45 0 113102
2016 02 11 10 35 0 113138
2016 02 11 11 57 0 113152
2016 02 11 13 52 0 113216
2016 02 11 15 58 0 113292
2016 02 11 18 09 0 113356
2016 02 11 20 15 0 113408
2016 02 11 23 11 0 113500
2016 02 11 23 58 0 113536
2016 02 12 02 37 0 113602
2016 02 12 04 15 0 113626
2016 02 12 07 07 0 113652
2016 02 12 09 11 0 113652
2016 02 12 10 01 0 113652
2016 02 12 11 00 0 113668
2016 02 12 11 54 0 113690
2016 02 12 13 08 0 113704
2016 02 12 15 00 0 113728
2016 02 12 19 12 0 113792
2016 02 12 22 56 0 113894
2016 02 13 00 30 0 113958
2016 02 13 03 35 0 114002
2016 02 13 06 05 0 114040
2016 02 13 11 07 0 114052
2016 02 13 12 39 0 114090
2016 02 13 13 51 0 114104
2016 02 13 16 04 0 114154
2016 02 13 17 57 0 114178
2016 02 13 19 38 0 114206
2016 02 13 20 47 0 114232
2016 02 13 22 50 0 114308
2016 02 14 00 28 0 114334
2016 02 14 01 07 0 114358
2016 02 14 02 04 0 114396
2016 02 14 02 54 0 114400
2016 02 14 04 58 0 114448
2016 02 14 05 53 0 114450
2016 02 14 07 02 0 114450
2016 02 14 08 16 0 114450
2016 02 14 08 52 0 114450
2016 02 14 09 55 0 114450
2016 02 14 11 00 0 114462
2016 02 14 11 30 0 114486
2016 02 14 11 52 0 114502
2016 02 14 13 00 0 114502
2016 02 14 13 28 0 114514
2016 02 14 13 57 0 114540
2016 02 14 14 57 0 114552
2016 02 14 15 54 0 114604
2016 02 14 16 54 0 114616
2016 02 14 17 21 0 114642
2016 02 14 18 00 0 114654
2016 02 14 18 31 0 114666
2016 02 14 18 50 0 114692
2016 02 14 19 31 0 114706
2016 02 14 19 53 0 114706
2016 02 14 20 29 0 114756
2016 02 14 20 54 0 114756
2016 02 14 21 30 0 114808
2016 02 14 21 53 0 114808
2016 02 14 22 29 0 114822
2016 02 14 22 37 0 114858
2016 02 14 22 58 0 114858
2016 02 14 23 10 0 114858
2016 02 14 23 20 0 114872
2016 02 14 23 30 0 114896
2016 02 14 23 40 0 114900
2016 02 14 23 50 0 114900
2016 02 15 00 00 0 114900
